1,.6653152,.009367186426637,22.4196772486368,10.67855,55.46202911293,.02413474090518,.12172465624875
2,.6888369,.009375027582982,21.7311568723945,10.92564,55.68153131808,.02470382427347,.12196492239426
3,.713098,.009382892047315,21.068922211519,11.17298,55.90086078845,.02527167598362,.12220514632087
4,.7381126,.009390780144884,20.4317263036034,11.42056,56.12001752404,.02583830167257,.12244533016644
5,.7638946,.009398692200937,19.8183750544588,11.66838,56.33900152485,.02640370697726,.12268547602611
6,.7904584,.009406628540722,19.2277260472315,11.91645,56.55781279088,.02696789753463,.1229255859523
7,.8178185,.009414589489487,18.658687351521,12.16476,56.77645132213,.02753087898162,.12316566195471
8,.8459899,.00942257537248,18.1102163324963,12.41331,56.9949171186,.02809265695517,.12340570600032
9,.8749877,.009430586514949,17.5813184600137,12.66211,57.21321018029,.02865323709222,.12364572001339
10,.9048271,.009438623242142,17.0710461177339,12.91115,57.4313305072,.02921262502971,.12388570587546
11,.935524,.009446685879307,16.5784974122393,13.16043,57.64927809933,.02977082640458,.12412566542535
12,.9670943,.009454774751692,16.102814982151,13.40996,57.86705295668,.03032784685377,.12436560045916
13,.999554,.009462890184545,15.6431848072465,13.65973,58.08465507925,.03088369201422,.12460551273027
14,1.03292,.009471032503114,15.1988350175763,13.90974,58.30208446704,.03143836752287,.12484540394934
15,1.067208,.009479202032647,14.7690347025819,14.15999,58.51934112005,.03199187901666,.12508527578431
16,1.102436,.009487399098392,14.3530927202124,14.41049,58.73642503828,.03254423213253,.1253251298604
17,1.138621,.009495624025597,13.9503565060419,14.66123,58.95333622173,.03309543250742,.12556496776011
18,1.17578,.00950387713951,13.5602108823871,14.91222,59.1700746704,.03364548577827,.12580479102322
19,1.213931,.009512158765379,13.182076867424,15.16345,59.38664038429,.03419439758202,.12604460114679
20,1.253093,.009520469228452,12.8154104843055,15.41492,59.6030333634,.03474217355561,.12628439958516
21,1.293283,.009528808853977,12.4597015702785,15.66664,59.81925360773,.03528881933598,.12652418774995
22,1.33452,.009537177967202,12.1144725858013,15.91859,60.03530111728,.03583434056007,.12676396701006
23,1.376822,.009545576893375,11.7792774236607,16.1708,60.25117589205,.03637874286482,.12700373869167
24,1.42021,.009554005957744,11.453700218089,16.42324,60.46687793204,.03692203188717,.12724350407824
25,1.464702,.009562465485557,11.1373541538819,16.67593,60.68240723725,.03746421326406,.12748326441051
26,1.510317,.009570955802062,10.8298802755151,16.92886,60.89776380768,.03800529263243,.1277230208865
27,1.557077,.009579477232507,10.5309462962617,17.18204,61.11294764333,.03854527562922,.12796277466151
28,1.605,.00958803010214,10.2402454073097,17.43545,61.3279587442,.03908416789137,.12820252684812
29,1.654107,.009596614736209,9.95749508687907,17.68911,61.54279711029,.03962197505582,.12844227851619
30,1.704419,.009605231459962,9.68243590933884,17.94302,61.7574627416,.04015870275951,.12868203069286
31,1.755957,.009613880598647,9.41483035432457,18.19717,61.97195563813,.04069435663938,.12892178436255
32,1.808742,.009622562477512,9.15446161585548,18.45156,62.18627579988,.04122894233237,.12916154046696
33,1.862796,.009631277421805,8.9011324114517,18.70619,62.40042322685,.04176246547542,.12940129990507
34,1.918139,.009640025756774,8.65466379125155,18.96107,62.61439791904,.04229493170547,.12964106353314
35,1.974795,.009648807807667,8.41489394712871,19.21619,62.82819987645,.04282634665946,.12988083216471
36,2.032785,.009657623899732,8.18167702180953,19.47155,63.04182909908,.04335671597433,.1301206065706
37,2.092132,.009666474358217,7.95488191799022,19.72716,63.25528558693,.04388604528702,.13036038747891
38,2.152858,.00967535950837,7.73439110745414,19.98301,63.46856934,.04441434023447,.13060017557502
39,2.214988,.009684279675439,7.52009944018897,20.23911,63.68168035829,.04494160645362,.13083997150159
40,2.278543,.009693235184672,7.31191295350402,20.49544,63.8946186418,.04546784958141,.13107977585856
41,2.343548,.009702226361317,7.10974768114743,20.75202,64.10738419053,.04599307525478,.13131958920315
42,2.410026,.009711253530622,6.91352846242342,21.00885,64.31997700448,.04651728911067,.13155941204986
43,2.478001,.009720317017835,6.72318775130952,21.26591,64.53239708365,.04704049678602,.13179924487047
44,2.547498,.009729417148204,6.53866442557384,21.52322,64.74464442804,.04756270391777,.13203908809404
45,2.618541,.009738554246977,6.35990259589228,21.78078,64.95671903765,.04808391614286,.13227894210691
46,2.691156,.009747728639402,6.18685041496578,22.03857,65.16862091248,.04860413909823,.1325188072527
47,2.765367,.009756940650727,6.01945888663756,22.29661,65.38035005253,.04912337842082,.13275868383231
48,2.8412,.0097661906062,5.85768067501036,22.5549,65.5919064578,.04964163974757,.13299857210392
49,2.918681,.009775478831069,5.70146891356367,22.81342,65.80329012829,.05015892871542,.13323847228299
50,2.997834,.009784805650582,5.550776014271,23.07219,66.014501064,.05067525096131,.13347838454226
51,3.078687,.009794171389987,5.40555247671709,23.3312,66.22553926493,.05119061212218,.13371830901175
52,3.161267,.009803576374532,5.26574569721515,23.59046,66.43640473108,.05170501783497,.13395824577876
53,3.245599,.009813020929465,5.13129877792414,23.84996,66.64709746245,.05221847373662,.13419819488787
54,3.33171,.009822505380034,5.00214933596594,24.1097,66.85761745904,.05273098546407,.13443815634094
55,3.419629,.009832030051487,4.87822831254266,24.36969,67.06796472085,.05324255865426,.13467813009711
56,3.509382,.009841595269072,4.75945878205384,24.62992,67.27813924788,.05375319894413,.1349181160728
57,3.600997,.009851201358037,4.6457547612137,24.89039,67.48814104013,.05426291197062,.13515811414171
58,3.694503,.00986084864363,4.53702001816837,25.1511,67.6979700976,.05477170337067,.13539812413482
59,3.789927,.009870537451099,4.43314688161317,25.41206,67.90762642029,.05527957878122,.13563814584039
60,3.887298,.009880268105692,4.33401504990978,25.67327,68.1171100082,.05578654383921,.13587817900396
61,3.986645,.009890040932657,4.23949040020355,25.93471,68.32642086133,.05629260418158,.13611822332835
62,4.087997,.009899856257242,4.14942379754069,26.1964,68.53555897968,.05679776544527,.13635827847366
63,4.191383,.009909714404695,4.06364990398556,26.45833,68.74452436325,.05730203326722,.13659834405727
64,4.296834,.009919615700264,3.98198598773784,26.72051,68.95331701204,.05780541328437,.13683841965384
65,4.404378,.009929560469197,3.90423073224984,26.98292,69.16193692605,.05830791113366,.13707850479531
66,4.514047,.009939549036742,3.8301630453437,27.24559,69.37038410528,.05880953245203,.1373185989709
67,4.625869,.009949581728147,3.75954086832864,27.50849,69.57865854973,.05931028287642,.13755870162711
68,4.739877,.00995965886866,3.69209998511819,27.77164,69.7867602594,.05981016804377,.13779881216772
69,4.856101,.009969780783529,3.62755283134746,28.03503,69.99468923429,.06030919359102,.13803892995379
70,4.974572,.009979947798002,3.56558730349035,28.29866,70.2024454744,.06080736515511,.13827905430366
